3.1415926535 8979323846 2643383279 5028841971 6939937510 5820974944 5923078164 0628620899 8628034825 3421170679
8214808651 3282306647 0938446095 5058223172 5359408128 4811174502 8410270193 8521105559 6446229489 5493038196
4428810975 6659334461 2847564823 3786783165 2712019091 4564856692 3460348610 4543266482 1339360726 0249141273
7245870066 0631558817 4881520920 9628292540 9171536436 7892590360 0113305305 4882046652 1384146951 9415116094
3305727036 5759591953 0921861173 8193261179 3105118548 0744623799 6274956735 1885752724 8912279381 8301194912
9833673362 4406566430 8602139494 6395224737 1907021798 6094370277 0539217176 2931767523 8467481846 7669405132
0005681271 4526356082 7785771342 7577896091 7363717872 1468440901 2249534301 4654958537 1050792279 6892589235
4201995611 2129021960 8640344181 5981362977 4771309960 5187072113 4999999837 2978049951 0597317328 1609631859
5024459455 3469083026 4252230825 3344685035 2619311881 7101000313 7838752886 5875332083 8142061717 7669147303
5982534904 2875546873 1159562863 8823537875 9310111292 0675805539 4875338343 7494845908 9711012165 5444600900
8194550402 8784507183 2807833398 1107754585 6384315689 3141049105 5685956693 3823515803 2788582819 2852925402
4195873527 6507866058 9745548222 6105978857 8400291862 8554241487 5407071845 2411867981 8377226507 2684368388
2841087747 6219520568 1652480283 2617523665 4682881456 9072813998 5258956713 1807317936 5206495753 6978442969
9741878169 6446235261 8971495884 7685993877 9683689844 5041537340 3994178928 0058992389 5839954518 6423324138
7241548798 4890230766 6188544848 5218077116 4579168898 5189883886 6270368998 2228958914 1531912343 6897956734
7326688292 8714185618 0821239745 7246887533 5169855798 4306368823 0690128876 5644456640 8005935681 1578848718
2943629677 7831868588 7944865997 0269838929 6531857498 1599538751 1995875627 8372643562 6651256794 4769472480
8480460266 5182986886 7044828922 1920720674 4191889385 5867692292 8994429575 8818774094 6021882886 9987196485
8345929752 6217906129 75754915